jails:
  prision:
    world: 287db805-6b92-4efa-91a5-b0e2d9adb70f
    world-name: world
    x: -57.523850178404984
    y: 315.0
    z: 181.3109768578566
    yaw: -179.19322204589844
    pitch: 84.4612045288086
